
!D|=> ##[ 0.000000e+00 : 1.905020e+01 ] A
SUPPORT = 0.376605
CORRELATION = 100.000000

D|=> ##[ 1.882858e+01 : 2.000000e+01 ] A
SUPPORT = 0.376605
CORRELATION = 100.000000

D|=> ##[ 0.000000e+00 : 2.000000e+01 ] !A
SUPPORT = 99.623395
CORRELATION = 100.000000
