
!D|=> ##[ 0.000000e+00 : 2.724437e+01 ] A
SUPPORT = 0.512189
CORRELATION = 100.000000

D|=> ##[ 1.421000e+01 : 2.800000e+01 ] A
SUPPORT = 0.512189
CORRELATION = 100.000000

D|=> ##[ 0.000000e+00 : 2.800000e+01 ] !A
SUPPORT = 99.487811
CORRELATION = 100.000000
