
D|=> ##[ 0.000000e+00 : 2.800000e+01 ] !A
SUPPORT = 99.214454
CORRELATION = 100.000000

!D|=> ##[ 0.000000e+00 : 2.724437e+01 ] A
SUPPORT = 0.785546
CORRELATION = 100.000000

D|=> ##[ 2.689741e+01 : 2.800000e+01 ] A
SUPPORT = 0.785546
CORRELATION = 100.000000
