
I1|=> ##[ 2.986358e+00 : 7.933639e+00 ] WORK
SUPPORT = 0.191646
CORRELATION = 100.000000

!I1 && I2 ##[ 0.000000e+00 : 1.000000e+00 ] !C1|=> ##[ 0.000000e+00 : 2.900000e+01 ] WORK
SUPPORT = 0.119070
CORRELATION = 62.130245

I1|=> ##[ 0.000000e+00 : 1.613813e+01 ] !WORK
SUPPORT = 31.283610
CORRELATION = 31.343679

!I1 && I2 ##[ 0.000000e+00 : 1.000000e+00 ] !C1|=> ##[ 0.000000e+00 : 2.900000e+01 ] !WORK
SUPPORT = 3.076159
CORRELATION = 3.082065
