
!D|=> ##[ 0.000000e+00 : 1.483977e+01 ] A
SUPPORT = 0.264164
CORRELATION = 100.000000

D|=> ##[ 1.421000e+01 : 1.600000e+01 ] A
SUPPORT = 0.264164
CORRELATION = 100.000000

D|=> ##[ 0.000000e+00 : 1.600000e+01 ] !A
SUPPORT = 99.735836
CORRELATION = 100.000000
